-0.2017	3.02388	0	0	-0.2017	3.02388	0	2.75	0	1
-0.116112	3.0394	0.212718	0.038566	-0.1161	3.0394	-0.022	3.0991	-0.1097	0.994
-0.114791	3.43526	-0.00451457	1.55043	-0.11795	3.21214	-0.0938	3.4924	-0.2334	0.9724
-0.221745	3.85685	-0.332814	1.02633	-0.2356	3.822	-0.2143	3.8735	-0.3535	0.9354
-0.432558	4.21975	-0.507064	0.521528	-0.45714	4.3966	-0.3817	4.2365	-0.4679	0.8838
-0.6084	4.64004	-0.433748	1.12165	-0.6069	4.6799	-0.5932	4.5757	-0.575	0.8181
-0.922854	4.94801	-0.795489	0.654828	-0.936096	4.94457	-0.8456	4.8857	-0.673	0.7396
-1.12858	5.20826	-0.497035	0.646065	-1.1171	5.2063	-1.1348	5.1616	-0.7604	0.6494
-1.80459	5.24417	-1.88482	0.507328	-1.75474	4.93852	-1.4564	5.3991	-0.8358	0.549
-1.84499	5.54777	-0.0542161	0.739247	-1.7769	5.5495	-1.8051	5.5945	-0.898	0.4399
-2.2072	5.86431	-0.816737	0.330199	-2.36301	6.11587	-2.1756	5.7445	-0.9461	0.3239
-2.53401	5.9449	-0.811894	0.185621	-2.5325	5.9356	-2.562	5.847	-0.9792	0.2028
-2.97368	5.76927	-1.26816	-0.175345	-2.88434	5.53754	-2.9582	5.9002	-0.9969	0.0785
-3.5175	5.74114	-1.36759	-0.0537624	-3.5231	5.7498	-3.3579	5.9033	-0.9989	-0.0471
-3.72515	5.87671	-0.630883	0.611769	-3.56386	5.7532	-3.7549	5.8563	-0.9851	-0.1719
-4.14142	5.96334	-1.00612	0.234635	-4.1522	5.949	-4.1429	5.76	-0.9558	-0.294
-4.38878	5.91988	-0.419771	-0.3606	-4.42464	5.97758	-4.5157	5.6157	-0.9114	-0.4115
-5.08548	5.31283	-1.60395	-1.42394	-5.1203	5.2763	-4.8675	5.4259	-0.8526	-0.5225
-5.35739	5.1416	-0.608625	-0.3528	-5.25417	5.20183	-5.1927	5.1935	-0.7804	-0.6252
-5.49729	5.08157	-0.35328	-0.178919	-5.4863	5.0849	-5.4863	4.9222	-0.6959	-0.7181
-5.63111	4.50226	-0.634852	-1.27557	-5.39483	4.239	-5.7435	4.6162	-0.6004	-0.7997
-6.03734	4.27091	-1.11103	-0.534264	-6.0749	4.314	-5.9603	4.2804	-0.4955	-0.8686
-6.09871	3.96825	-0.233481	-0.678267	-5.88871	3.85972	-6.1333	3.92	-0.3827	-0.9239
-6.21233	3.60345	-0.264045	-0.896597	-6.2107	3.5951	-6.2599	3.5408	-0.2639	-0.9646
-6.10789	3.40332	0.244199	-0.4409	-6.01702	3.40125	-6.3378	3.1487	-0.1409	-0.99
-6.29405	2.82252	-0.457016	-1.36293	-6.324	2.7961	-6.3661	2.75	-0.0157	-0.9999
-6.30796	2.31072	0.00795909	-1.27698	-6.25519	2.30598	-6.3441	2.3509	0.1097	-0.994
-6.36633	1.87297	-0.174861	-1.09798	-6.3797	1.8812	-6.2723	1.9576	0.2334	-0.9724
-6.35608	1.74327	0.385241	-0.342425	-6.50574	1.83694	-6.1518	1.5765	0.3535	-0.9355
-6.23459	1.26464	0.317255	-1.16094	-6.2341	1.2365	-5.9844	1.2135	0.4679	-0.8838
-6.09792	1.07197	0.0640901	-0.395264	-5.95143	1.09154	-5.7729	0.8743	0.575	-0.8182
-5.73873	0.704204	1.01707	-0.907888	-5.6737	0.683	-5.5205	0.5643	0.673	-0.7396
-5.25359	0.353639	0.878734	-0.852224	-5.04478	0.344045	-5.2312	0.2884	0.7604	-0.6495
-4.98504	0.0902203	0.643442	-0.653066	-5.001	0.0979	-4.9097	0.0509	0.8358	-0.549
-4.41923	-0.0950948	1.29759	-0.456788	-4.21037	-0.0883999	-4.5609	-0.1444	0.898	-0.44
-4.06887	-0.302887	0.818635	-0.53192	-4.101	-0.3065	-4.1904	-0.2945	0.9461	-0.3239
-3.67615	-0.286044	0.802919	0.0545731	-3.5345	-0.267338	-3.804	-0.397	0.9792	-0.2028
-3.44414	-0.195312	0.550325	0.255623	-3.4601	-0.1879	-3.4079	-0.4502	0.9969	-0.0785
-3.29122	-0.505227	0.110756	-0.848179	-3.1589	-0.514945	-3.0081	-0.4533	0.9989	0.0471
-2.64838	-0.538015	1.80633	0.0802354	-2.5344	-0.4976	-2.6112	-0.4063	0.9851	0.1719
-2.14443	-0.319846	1.23013	0.576776	-2.20127	-0.302786	-2.2232	-0.31	0.9558	0.294
-1.63735	0.157633	1.24466	1.39384	-1.6319	0.1958	-1.8504	-0.1657	0.9114	0.4115
-1.47829	0.120808	0.167066	-0.0769871	-1.18863	0.0570893	-1.4986	0.0241	0.8527	0.5225
-1.32912	-0.0412029	0.375783	-0.491943	-1.3126	-0.065	-1.1734	0.2565	0.7804	0.6252
-1.12528	0.655545	-0.123744	1.74261	-0.461832	0.267683	-0.8798	0.5278	0.6959	0.7181
-0.854431	0.696228	0.864223	-0.570175	-0.7987	0.591	-0.6226	0.8338	0.6004	0.7997
-0.672618	1.08194	0.204847	1.25744	-0.427124	1.23407	-0.4058	1.1697	0.4955	0.8686
-0.254315	1.53095	1.24791	1.20208	-0.1936	1.5173	-0.2327	1.53	0.3827	0.9239
0.0381601	2.14575	0.690902	1.53429	0.0223162	2.18859	-0.1062	1.9092	0.2639	0.9645
0.0152284	2.41205	-0.303301	0.558089	-0.0333	2.3441	-0.0282	2.3013	0.1409	0.99
0.0502971	2.60124	0.0982325	0.73681	0.0498043	2.44149	0	2.7	0.0157	0.9999
0.226019	3.17629	0.536099	1.53343	0.2444	3.2291	0.011	3.0997	0.0785	0.9969
0.00475896	3.59948	-0.598061	1.18948	0.00406217	3.3955	0.0704	3.4949	0.2028	0.9792
0.0857662	3.89324	0.340012	0.673044	0.1231	3.8619	0.1789	3.8797	0.324	0.9461
0.216374	4.23052	0.33547	1.0424	0.211527	4.16063	0.3348	4.2478	0.44	0.898
0.610868	4.41919	1.07429	0.395803	0.6396	4.3772	0.5356	4.5934	0.5491	0.8358
0.939248	4.66171	0.835536	0.756902	0.91629	4.61502	0.7781	4.9112	0.6495	0.7604
0.918469	5.06141	-0.137128	1.01483	0.8808	5.0716	1.0585	5.1961	0.7397	0.673
1.28793	5.53971	0.905095	0.626538	1.42814	5.85628	1.3724	5.4436	0.8182	0.575
1.72393	5.8615	1.09737	0.830898	1.732	5.8759	1.7149	5.6497	0.8838	0.4679
2.25664	5.93514	1.34457	0.12695	2.25023	5.85369	2.0805	5.8114	0.9355	0.3534
2.14847	5.66077	-0.305638	-0.870646	2.0752	5.5801	2.4635	5.9259	0.9724	0.2334
2.7348	5.62955	1.59049	-0.0347622	2.94133	5.74345	2.8578	5.9915	0.994	0.1097
3.00046	5.94494	0.667446	0.850644	2.9727	5.9912	3.2572	6.0072	0.9999	-0.0157
3.61629	5.95455	1.50123	-0.227271	3.71174	5.9494	3.6555	5.9727	0.99	-0.1409
3.90899	5.68097	0.709512	-0.789851	3.8693	5.6363	4.0463	5.8886	0.9646	-0.2639
4.10321	5.70349	0.426958	0.0666053	4.11745	5.82769	4.4234	5.7562	0.9239	-0.3827
4.80409	5.68066	1.78382	0.0560953	4.8675	5.7027	4.781	5.5775	0.8686	-0.4955
5.02649	5.35244	0.806992	-0.533511	4.68044	5.01911	5.1134	5.3554	0.7997	-0.6004
5.53457	5.12171	1.27678	-0.522908	5.5579	5.1308	5.4153	5.0934	0.7181	-0.6959
5.84547	4.85578	1.11285	-0.373227	5.58405	4.67007	5.682	4.7956	0.6252	-0.7804
6.08542	4.5755	0.531214	-0.746949	6.0478	4.5488	5.9093	4.4668	0.5225	-0.8527
6.30487	4.11375	0.688252	-1.092	6.21925	4.02595	6.0936	4.1121	0.4115	-0.9114
6.27915	3.95694	-0.0450182	-0.49034	6.2475	3.9701	6.2319	3.737	0.294	-0.9558
6.42851	3.52517	0.237845	-1.22475	6.54883	3.51919	6.3222	3.3476	0.1719	-0.9851
6.31142	3.07733	-0.326898	-1.17079	6.2795	3.0709	6.3629	2.95	0.0471	-0.9989
6.3275	2.6394	-0.399532	-1.2846	6.62414	2.74925	6.3535	2.5503	-0.0785	-0.9969
6.36352	2.41333	0.191738	-0.562909	6.4086	2.4475	6.2941	2.155	-0.2028	-0.9792
6.29524	1.75404	-0.115327	-1.70104	6.15296	1.66518	6.1856	1.7703	-0.3239	-0.9461
5.93134	1.65675	-0.927572	-0.338457	5.8929	1.6983	6.0297	1.4022	-0.44	-0.898
5.83024	1.16486	-0.474566	-1.37011	6.03386	1.13292	5.8289	1.0565	-0.549	-0.8358
5.71119	0.989756	-0.246165	-0.414726	5.7335	1.0278	5.5864	0.7388	-0.6495	-0.7604
5.31414	0.711778	-1.1082	-0.72414	5.22712	0.695611	5.306	0.4539	-0.7396	-0.673
5.06049	0.421013	-0.570217	-0.722701	5.0962	0.4233	4.992	0.2064	-0.8182	-0.575
4.73593	0.123519	-0.752662	-0.743444	4.65961	0.121644	4.6496	0.0002	-0.8838	-0.4679
4.3208	-0.130993	-1.0772	-0.623672	4.2991	-0.1265	4.284	-0.1614	-0.9354	-0.3535
3.90921	-0.345744	-0.952551	-0.538215	3.87781	-0.340177	3.901	-0.2759	-0.9724	-0.2334
3.51877	-0.333709	-0.981622	0.12381	3.5148	-0.3064	3.5067	-0.3416	-0.994	-0.1097
3.0929	-0.438128	-0.935928	-0.298148	3.01216	-0.432161	3.1072	-0.3573	-0.9999	0.0157
2.53829	-0.320632	-1.44257	0.427592	2.5029	-0.2884	2.709	-0.3228	-0.99	0.1409
2.09194	-0.280541	-1.34409	0.0988415	2.26912	-0.315836	2.3182	-0.2386	-0.9646	0.2639
1.68164	-0.00129096	-0.97165	0.906917	1.7053	0.0347	1.941	-0.1062	-0.9239	0.3827
1.44276	0.120793	-0.579023	0.267492	1.4507	0.0993829	1.5835	0.0725	-0.8686	0.4955
1.30122	0.391304	-0.344656	0.816449	1.3196	0.4189	1.2511	0.2946	-0.7997	0.6004
1.11131	0.665155	-0.363262	0.752224	1.02395	0.613366	0.9492	0.5566	-0.7181	0.6959
0.829001	1.0784	-0.803915	1.16011	0.806	1.0955	0.6825	0.8543	-0.6252	0.7804
0.452063	1.41177	-1.02362	0.597205	0.469932	1.46655	0.4552	1.1832	-0.5225	0.8526
0.363896	1.37308	0.107363	-0.273217	0.4127	1.3231	0.2709	1.5379	-0.4115	0.9114
0.193765	1.71847	-0.398079	1.10211	0.0904077	1.74726	0.1326	1.9129	-0.294	0.9558
0.170536	2.15928	0.0655828	1.0773	0.1927	2.1605	0.0423	2.3024	-0.1719	0.9851
0.117241	2.62696	-0.173737	0.764242	0.123447	2.84943	0.0016	2.7	-0.0471	0.9989
