R	3.0306	1.6374	1.0894	1477010443000000	0.0000	2.7500	0.0000	1.0000
L	-0.1161	3.0394	1477010443400000	-0.0220	3.0991	-0.1097	0.9940
R	3.2143	1.6075	1.6440	1477010443800000	-0.0938	3.4924	-0.2334	0.9724
L	-0.2356	3.8220	1477010444200000	-0.2143	3.8735	-0.3535	0.9354
R	4.4203	1.6744	0.4942	1477010444600000	-0.3817	4.2365	-0.4679	0.8838
L	-0.6069	4.6799	1477010445000000	-0.5932	4.5757	-0.5750	0.8181
R	5.0324	1.7579	0.7588	1477010445400000	-0.8456	4.8857	-0.6730	0.7396
L	-1.1171	5.2063	1477010445800000	-1.1348	5.1616	-0.7604	0.6494
R	5.2410	1.9122	1.0583	1477010446200000	-1.4564	5.3991	-0.8358	0.5490
L	-1.7769	5.5495	1477010446600000	-1.8051	5.5945	-0.8980	0.4399
R	6.5565	1.9395	0.4606	1477010447000000	-2.1756	5.7445	-0.9461	0.3239
L	-2.5325	5.9356	1477010447400000	-2.5620	5.8470	-0.9792	0.2028
R	6.2437	2.0510	0.4720	1477010447800000	-2.9582	5.9002	-0.9969	0.0785
L	-3.5231	5.7498	1477010448200000	-3.3579	5.9033	-0.9989	-0.0471
R	6.7676	2.1254	0.8613	1477010448600000	-3.7549	5.8563	-0.9851	-0.1719
L	-4.1522	5.9490	1477010449000000	-4.1429	5.7600	-0.9558	-0.2940
R	7.4370	2.2080	-0.0945	1477010449400000	-4.5157	5.6157	-0.9114	-0.4115
L	-5.1203	5.2763	1477010449800000	-4.8675	5.4259	-0.8526	-0.5225
R	7.3936	2.3612	0.0888	1477010450200000	-5.1927	5.1935	-0.7804	-0.6252
L	-5.4863	5.0849	1477010450600000	-5.4863	4.9222	-0.6959	-0.7181
R	6.8610	2.4756	-0.2770	1477010451000000	-5.7435	4.6162	-0.6004	-0.7997
L	-6.0749	4.3140	1477010451400000	-5.9603	4.2804	-0.4955	-0.8686
R	7.0409	2.5614	-0.1454	1477010451800000	-6.1333	3.9200	-0.3827	-0.9239
L	-6.2107	3.5951	1477010452200000	-6.2599	3.5408	-0.2639	-0.9646
R	6.9118	2.6271	-0.4373	1477010452600000	-6.3378	3.1487	-0.1409	-0.9900
L	-6.3240	2.7961	1477010453000000	-6.3661	2.7500	-0.0157	-0.9999
R	6.6667	2.7884	-0.4518	1477010453400000	-6.3441	2.3509	0.1097	-0.9940
L	-6.3797	1.8812	1477010453800000	-6.2723	1.9576	0.2334	-0.9724
R	6.7601	2.8664	-0.5720	1477010454200000	-6.1518	1.5765	0.3535	-0.9355
L	-6.2341	1.2365	1477010454600000	-5.9844	1.2135	0.4679	-0.8838
R	6.0507	2.9602	-0.1099	1477010455000000	-5.7729	0.8743	0.5750	-0.8182
L	-5.6737	0.6830	1477010455400000	-5.5205	0.5643	0.6730	-0.7396
R	5.0565	3.0735	-0.8673	1477010455800000	-5.2312	0.2884	0.7604	-0.6495
L	-5.0010	0.0979	1477010456200000	-4.9097	0.0509	0.8358	-0.5490
R	4.2113	-3.1206	-1.2563	1477010456600000	-4.5609	-0.1444	0.8980	-0.4400
L	-4.1010	-0.3065	1477010457000000	-4.1904	-0.2945	0.9461	-0.3239
R	3.5446	-3.0661	-0.8030	1477010457400000	-3.8040	-0.3970	0.9792	-0.2028
L	-3.4601	-0.1879	1477010457800000	-3.4079	-0.4502	0.9969	-0.0785
R	3.2006	-2.9800	-0.0672	1477010458200000	-3.0081	-0.4533	0.9989	0.0471
L	-2.5344	-0.4976	1477010458600000	-2.6112	-0.4063	0.9851	0.1719
R	2.2220	-3.0049	-1.3834	1477010459000000	-2.2232	-0.3100	0.9558	0.2940
L	-1.6319	0.1958	1477010459400000	-1.8504	-0.1657	0.9114	0.4115
R	1.1900	3.0936	-1.0816	1477010459800000	-1.4986	0.0241	0.8527	0.5225
L	-1.3126	-0.0650	1477010460200000	-1.1734	0.2565	0.7804	0.6252
R	0.5338	2.6163	-0.5027	1477010460600000	-0.8798	0.5278	0.6959	0.7181
L	-0.7987	0.5910	1477010461000000	-0.6226	0.8338	0.6004	0.7997
R	1.3059	1.9040	0.8407	1477010461400000	-0.4058	1.1697	0.4955	0.8686
L	-0.1936	1.5173	1477010461800000	-0.2327	1.5300	0.3827	0.9239
R	2.1887	1.5606	1.4816	1477010462200000	-0.1062	1.9092	0.2639	0.9645
L	-0.0333	2.3441	1477010462600000	-0.0282	2.3013	0.1409	0.9900
R	2.4420	1.5504	0.7674	1477010463000000	0.0000	2.7000	0.0157	0.9999
L	0.2444	3.2291	1477010463400000	0.0110	3.0997	0.0785	0.9969
R	3.3955	1.5696	1.1062	1477010463800000	0.0704	3.4949	0.2028	0.9792
L	0.1231	3.8619	1477010464200000	0.1789	3.8797	0.3240	0.9461
R	4.1660	1.5200	1.0939	1477010464600000	0.3348	4.2478	0.4400	0.8980
L	0.6396	4.3772	1477010465000000	0.5356	4.5934	0.5491	0.8358
R	4.7051	1.3748	0.9258	1477010465400000	0.7781	4.9112	0.6495	0.7604
L	0.8808	5.0716	1477010465800000	1.0585	5.1961	0.7397	0.6730
R	6.0279	1.3316	0.6256	1477010466200000	1.3724	5.4436	0.8182	0.5750
L	1.7320	5.8759	1477010466600000	1.7149	5.6497	0.8838	0.4679
R	6.2713	1.2038	0.5813	1477010467000000	2.0805	5.8114	0.9355	0.3534
L	2.0752	5.5801	1477010467400000	2.4635	5.9259	0.9724	0.2334
R	6.4528	1.0975	0.5339	1477010467800000	2.8578	5.9915	0.9940	0.1097
L	2.9727	5.9912	1477010468200000	3.2572	6.0072	0.9999	-0.0157
R	7.0123	1.0130	0.4625	1477010468600000	3.6555	5.9727	0.9900	-0.1409
L	3.8693	5.6363	1477010469000000	4.0463	5.8886	0.9646	-0.2639
R	7.1355	0.9557	0.2598	1477010469400000	4.4234	5.7562	0.9239	-0.3827
L	4.8675	5.7027	1477010469800000	4.7810	5.5775	0.8686	-0.4955
R	6.8628	0.8203	0.2542	1477010470200000	5.1134	5.3554	0.7997	-0.6004
L	5.5579	5.1308	1477010470600000	5.4153	5.0934	0.7181	-0.6959
R	7.2795	0.6965	0.7072	1477010471000000	5.6820	4.7956	0.6252	-0.7804
L	6.0478	4.5488	1477010471400000	5.9093	4.4668	0.5225	-0.8527
R	7.4086	0.5745	0.0045	1477010471800000	6.0936	4.1121	0.4115	-0.9114
L	6.2475	3.9701	1477010472200000	6.2319	3.7370	0.2940	-0.9558
R	7.4345	0.4931	-0.4483	1477010472600000	6.3222	3.3476	0.1719	-0.9851
L	6.2795	3.0709	1477010473000000	6.3629	2.9500	0.0471	-0.9989
R	7.1720	0.3934	-0.9603	1477010473400000	6.3535	2.5503	-0.0785	-0.9969
L	6.4086	2.4475	1477010473800000	6.2941	2.1550	-0.2028	-0.9792
R	6.3743	0.2643	-0.6079	1477010474200000	6.1856	1.7703	-0.3239	-0.9461
L	5.8929	1.6983	1477010474600000	6.0297	1.4022	-0.4400	-0.8980
R	6.1393	0.1856	-0.8672	1477010475000000	5.8289	1.0565	-0.5490	-0.8358
L	5.7335	1.0278	1477010475400000	5.5864	0.7388	-0.6495	-0.7604
R	5.2732	0.1323	-1.2089	1477010475800000	5.3060	0.4539	-0.7396	-0.6730
L	5.0962	0.4233	1477010476200000	4.9920	0.2064	-0.8182	-0.5750
R	4.6612	0.0261	-0.7572	1477010476600000	4.6496	0.0002	-0.8838	-0.4679
L	4.2991	-0.1265	1477010477000000	4.2840	-0.1614	-0.9354	-0.3535
R	3.8927	-0.0875	-0.8884	1477010477400000	3.9010	-0.2759	-0.9724	-0.2334
L	3.5148	-0.3064	1477010477800000	3.5067	-0.3416	-0.9940	-0.1097
R	3.0430	-0.1425	-0.8809	1477010478200000	3.1072	-0.3573	-0.9999	0.0157
L	2.5029	-0.2884	1477010478600000	2.7090	-0.3228	-0.9900	0.1409
R	2.2910	-0.1383	-1.4156	1477010479000000	2.3182	-0.2386	-0.9646	0.2639
L	1.7053	0.0347	1477010479400000	1.9410	-0.1062	-0.9239	0.3827
R	1.4541	0.0684	-0.7177	1477010479800000	1.5835	0.0725	-0.8686	0.4955
L	1.3196	0.4189	1477010480200000	1.2511	0.2946	-0.7997	0.6004
R	1.1936	0.5397	0.1020	1477010480600000	0.9492	0.5566	-0.7181	0.6959
L	0.8060	1.0955	1477010481000000	0.6825	0.8543	-0.6252	0.7804
R	1.5400	1.2607	0.2125	1477010481400000	0.4552	1.1832	-0.5225	0.8526
L	0.4127	1.3231	1477010481800000	0.2709	1.5379	-0.4115	0.9114
R	1.7496	1.5191	0.9115	1477010482200000	0.1326	1.9129	-0.2940	0.9558
L	0.1927	2.1605	1477010482600000	0.0423	2.3024	-0.1719	0.9851
R	2.8521	1.5275	0.6707	1477010483000000	0.0016	2.7000	-0.0471	0.9989
